3 57 45 22 51 70 73 24 70 30 14 43 87 2 31 74 57 69 2 80 23 34 36 72 74 62 23 21 41 17 9 42 7 69 31 85 71 28 88 90 29 35 23 8 71 20 28 40 44 21 64 72 69 56 18 36 48 17 4 27 71 87 56 11 78 87 59 79 20 51 55 27 24 16 55 20 54 37 9 72 54 41 37 19 47 87 67 47 69 32 
3 57 45 22 51 70 73 24 70 30 14 43 87 2 31 74 57 69 2 80 23 34 36 72 74 62 23 21 41 17 9 42 7 69 31 85 71 28 88 90 29 35 23 8 71 20 28 40 44 21 64 72 69 56 18 36 48 17 4 27 71 87 56 11 78 87 59 79 20 51 55 27 24 16 55 20 54 37 9 72 54 41 37 19 47 87 67 47 69 32 
3 57 45 22 51 70 73 24 70 30 14 43 87 2 31 74 57 69 2 80 23 34 36 72 74 62 23 21 41 17 9 42 7 69 31 85 71 28 88 90 29 35 23 8 71 20 28 40 44 21 64 72 69 56 18 36 48 17 4 27 71 87 56 11 78 87 59 79 20 51 55 27 24 16 55 20 54 37 9 72 54 41 37 19 47 87 67 47 69 32 
3 57 45 22 51 70 73 24 70 30 14 43 87 2 31 74 57 69 2 80 23 34 36 72 74 62 23 21 41 17 9 42 7 69 31 85 71 28 88 90 29 35 23 8 71 20 28 40 44 21 64 72 69 56 18 36 48 17 4 27 71 87 56 11 78 87 59 79 20 51 55 27 24 16 55 20 54 37 9 72 54 41 37 19 47 87 67 47 69 32 
3 57 45 22 51 70 73 24 70 30 14 43 87 2 31 74 57 69 2 80 23 34 36 72 74 62 23 21 41 17 9 42 7 69 31 85 71 28 88 90 29 35 23 8 71 20 28 40 44 21 64 72 69 56 18 36 48 17 4 27 71 87 56 11 78 87 59 79 20 51 55 27 24 16 55 20 54 37 9 72 54 41 37 19 47 87 67 47 69 32 
3 57 45 22 51 70 73 24 70 30 14 43 87 2 31 74 57 69 2 80 23 34 36 72 74 62 23 21 41 17 9 42 7 69 31 85 71 28 88 90 29 35 23 8 71 20 28 40 44 21 64 72 69 56 18 36 48 17 4 27 71 87 56 11 78 87 59 79 20 51 55 27 24 16 55 20 54 37 9 72 54 41 37 19 47 87 67 47 69 32 
3 57 45 22 51 70 73 24 70 30 14 43 87 2 31 74 57 69 2 80 23 34 36 72 74 62 23 21 41 17 9 42 7 69 31 85 71 28 88 90 29 35 23 8 71 20 28 40 44 21 64 72 69 56 18 36 48 17 4 27 71 87 56 11 78 87 59 79 20 51 55 27 24 16 55 20 54 37 9 72 54 41 37 19 47 87 67 47 69 32 
3 57 45 22 51 70 73 24 70 30 14 43 87 2 31 74 57 69 2 80 23 34 36 72 74 62 23 21 41 17 9 42 7 69 31 85 71 28 88 90 29 35 23 8 71 20 28 40 44 21 64 72 69 56 18 36 48 17 4 27 71 87 56 11 78 87 59 79 20 51 55 27 24 16 55 20 54 37 9 72 54 41 37 19 47 87 67 47 69 32 
3 57 45 22 51 70 73 24 70 30 14 43 87 2 31 74 57 69 2 80 23 34 36 72 74 62 23 21 41 17 9 42 7 69 31 85 71 28 88 90 29 35 23 8 71 20 28 40 44 21 64 72 69 56 18 36 48 17 4 27 71 87 56 11 78 87 59 79 20 51 55 27 24 16 55 20 54 37 9 72 54 41 37 19 47 87 67 47 69 32 
3 57 45 22 51 70 73 24 70 30 14 43 87 2 31 74 57 69 2 80 23 34 36 72 74 62 23 21 41 17 9 42 7 69 31 85 71 28 88 90 29 35 23 8 71 20 28 40 44 21 64 72 69 56 18 36 48 17 4 27 71 87 56 11 78 87 59 79 20 51 55 27 24 16 55 20 54 37 9 72 54 41 37 19 47 87 67 47 69 32 
3 57 45 22 51 70 73 24 70 30 14 43 87 2 31 74 57 69 2 80 23 34 36 72 74 62 23 21 41 17 9 42 7 69 31 85 71 28 88 90 29 35 23 8 71 20 28 40 44 21 64 72 69 56 18 36 48 17 4 27 71 87 56 11 78 87 59 79 20 51 55 27 24 16 55 20 54 37 9 72 54 41 37 19 47 87 67 47 69 32 
3 57 45 22 51 70 73 24 70 30 14 43 87 2 31 74 57 69 2 80 23 34 36 72 74 62 23 21 41 17 9 42 7 69 31 85 71 28 88 90 29 35 23 8 71 20 28 40 44 21 64 72 69 56 18 36 48 17 4 27 71 87 56 11 78 87 59 79 20 51 55 27 24 16 55 20 54 37 9 72 54 41 37 19 47 87 67 47 69 32 
3 57 45 22 51 70 73 24 70 30 14 43 87 2 31 74 57 69 2 80 23 34 36 72 74 62 23 21 41 17 9 42 7 69 31 85 71 28 88 90 29 35 23 8 71 20 28 40 44 21 64 72 69 56 18 36 48 17 4 27 71 87 56 11 78 87 59 79 20 51 55 27 24 16 55 20 54 37 9 72 54 41 37 19 47 87 67 47 69 32 
3 57 45 22 51 70 73 24 70 30 14 43 87 2 31 74 57 69 2 80 23 34 36 72 74 62 23 21 41 17 9 42 7 69 31 85 71 28 88 90 29 35 23 8 71 20 28 40 44 21 64 72 69 56 18 36 48 17 4 27 71 87 56 11 78 87 59 79 20 51 55 27 24 16 55 20 54 37 9 72 54 41 37 19 47 87 67 47 69 32 
3 57 45 22 51 70 73 24 70 30 14 43 87 2 31 74 57 69 2 80 23 34 36 72 74 62 23 21 41 17 9 42 7 69 31 85 71 28 88 90 29 35 23 8 71 20 28 40 44 21 64 72 69 56 18 36 48 17 4 27 71 87 56 11 78 87 59 79 20 51 55 27 24 16 55 20 54 37 9 72 54 41 37 19 47 87 67 47 69 32 
3 57 45 22 51 70 73 24 70 30 14 43 87 2 31 74 57 69 2 80 23 34 36 72 74 62 23 21 41 17 9 42 7 69 31 85 71 28 88 90 29 35 23 8 71 20 28 40 44 21 64 72 69 56 18 36 48 17 4 27 71 87 56 11 78 87 59 79 20 51 55 27 24 16 55 20 54 37 9 72 54 41 37 19 47 87 67 47 69 32 
3 57 45 22 51 70 73 24 70 30 14 43 87 2 31 74 57 69 2 80 23 34 36 72 74 62 23 21 41 17 9 42 7 69 31 85 71 28 88 90 29 35 23 8 71 20 28 40 44 21 64 72 69 56 18 36 48 17 4 27 71 87 56 11 78 87 59 79 20 51 55 27 24 16 55 20 54 37 9 72 54 41 37 19 47 87 67 47 69 32 
3 57 45 22 51 70 73 24 70 30 14 43 87 2 31 74 57 69 2 80 23 34 36 72 74 62 23 21 41 17 9 42 7 69 31 85 71 28 88 90 29 35 23 8 71 20 28 40 44 21 64 72 69 56 18 36 48 17 4 27 71 87 56 11 78 87 59 79 20 51 55 27 24 16 55 20 54 37 9 72 54 41 37 19 47 87 67 47 69 32 
3 57 45 22 51 70 73 24 70 30 14 43 87 2 31 74 57 69 2 80 23 34 36 72 74 62 23 21 41 17 9 42 7 69 31 85 71 28 88 90 29 35 23 8 71 20 28 40 44 21 64 72 69 56 18 36 48 17 4 27 71 87 56 11 78 87 59 79 20 51 55 27 24 16 55 20 54 37 9 72 54 41 37 19 47 87 67 47 69 32 
3 57 45 22 51 70 73 24 70 30 14 43 87 2 31 74 57 69 2 80 23 34 36 72 74 62 23 21 41 17 9 42 7 69 31 85 71 28 88 90 29 35 23 8 71 20 28 40 44 21 64 72 69 56 18 36 48 17 4 27 71 87 56 11 78 87 59 79 20 51 55 27 24 16 55 20 54 37 9 72 54 41 37 19 47 87 67 47 69 32 
3 57 45 22 51 70 73 24 70 30 14 43 87 2 31 74 57 69 2 80 23 34 36 72 74 62 23 21 41 17 9 42 7 69 31 85 71 28 88 90 29 35 23 8 71 20 28 40 44 21 64 72 69 56 18 36 48 17 4 27 71 87 56 11 78 87 59 79 20 51 55 27 24 16 55 20 54 37 9 72 54 41 37 19 47 87 67 47 69 32 
3 57 45 22 51 70 73 24 70 30 14 43 87 2 31 74 57 69 2 80 23 34 36 72 74 62 23 21 41 17 9 42 7 69 31 85 71 28 88 90 29 35 23 8 71 20 28 40 44 21 64 72 69 56 18 36 48 17 4 27 71 87 56 11 78 87 59 79 20 51 55 27 24 16 55 20 54 37 9 72 54 41 37 19 47 87 67 47 69 32 
3 57 45 22 51 70 73 24 70 30 14 43 87 2 31 74 57 69 2 80 23 34 36 72 74 62 23 21 41 17 9 42 7 69 31 85 71 28 88 90 29 35 23 8 71 20 28 40 44 21 64 72 69 56 18 36 48 17 4 27 71 87 56 11 78 87 59 79 20 51 55 27 24 16 55 20 54 37 9 72 54 41 37 19 47 87 67 47 69 32 
3 57 45 22 51 70 73 24 70 30 14 43 87 2 31 74 57 69 2 80 23 34 36 72 74 62 23 21 41 17 9 42 7 69 31 85 71 28 88 90 29 35 23 8 71 20 28 40 44 21 64 72 69 56 18 36 48 17 4 27 71 87 56 11 78 87 59 79 20 51 55 27 24 16 55 20 54 37 9 72 54 41 37 19 47 87 67 47 69 32 
3 57 45 22 51 70 73 24 70 30 14 43 87 2 31 74 57 69 2 80 23 34 36 72 74 62 23 21 41 17 9 42 7 69 31 85 71 28 88 90 29 35 23 8 71 20 28 40 44 21 64 72 69 56 18 36 48 17 4 27 71 87 56 11 78 87 59 79 20 51 55 27 24 16 55 20 54 37 9 72 54 41 37 19 47 87 67 47 69 32 
3 57 45 22 51 70 73 24 70 30 14 43 87 2 31 74 57 69 2 80 23 34 36 72 74 62 23 21 41 17 9 42 7 69 31 85 71 28 88 90 29 35 23 8 71 20 28 40 44 21 64 72 69 56 18 36 48 17 4 27 71 87 56 11 78 87 59 79 20 51 55 27 24 16 55 20 54 37 9 72 54 41 37 19 47 87 67 47 69 32 
3 57 45 22 51 70 73 24 70 30 14 43 87 2 31 74 57 69 2 80 23 34 36 72 74 62 23 21 41 17 9 42 7 69 31 85 71 28 88 90 29 35 23 8 71 20 28 40 44 21 64 72 69 56 18 36 48 17 4 27 71 87 56 11 78 87 59 79 20 51 55 27 24 16 55 20 54 37 9 72 54 41 37 19 47 87 67 47 69 32 
3 57 45 22 51 70 73 24 70 30 14 43 87 2 31 74 57 69 2 80 23 34 36 72 74 62 23 21 41 17 9 42 7 69 31 85 71 28 88 90 29 35 23 8 71 20 28 40 44 21 64 72 69 56 18 36 48 17 4 27 71 87 56 11 78 87 59 79 20 51 55 27 24 16 55 20 54 37 9 72 54 41 37 19 47 87 67 47 69 32 
3 57 45 22 51 70 73 24 70 30 14 43 87 2 31 74 57 69 2 80 23 34 36 72 74 62 23 21 41 17 9 42 7 69 31 85 71 28 88 90 29 35 23 8 71 20 28 40 44 21 64 72 69 56 18 36 48 17 4 27 71 87 56 11 78 87 59 79 20 51 55 27 24 16 55 20 54 37 9 72 54 41 37 19 47 87 67 47 69 32 
3 57 45 22 51 70 73 24 70 30 14 43 87 2 31 74 57 69 2 80 23 34 36 72 74 62 23 21 41 17 9 42 7 69 31 85 71 28 88 90 29 35 23 8 71 20 28 40 44 21 64 72 69 56 18 36 48 17 4 27 71 87 56 11 78 87 59 79 20 51 55 27 24 16 55 20 54 37 9 72 54 41 37 19 47 87 67 47 69 32 
3 57 45 22 51 70 73 24 70 30 14 43 87 2 31 74 57 69 2 80 23 34 36 72 74 62 23 21 41 17 9 42 7 69 31 85 71 28 88 90 29 35 23 8 71 20 28 40 44 21 64 72 69 56 18 36 48 17 4 27 71 87 56 11 78 87 59 79 20 51 55 27 24 16 55 20 54 37 9 72 54 41 37 19 47 87 67 47 69 32 
3 57 45 22 51 70 73 24 70 30 14 43 87 2 31 74 57 69 2 80 23 34 36 72 74 62 23 21 41 17 9 42 7 69 31 85 71 28 88 90 29 35 23 8 71 20 28 40 44 21 64 72 69 56 18 36 48 17 4 27 71 87 56 11 78 87 59 79 20 51 55 27 24 16 55 20 54 37 9 72 54 41 37 19 47 87 67 47 69 32 
3 57 45 22 51 70 73 24 70 30 14 43 87 2 31 74 57 69 2 80 23 34 36 72 74 62 23 21 41 17 9 42 7 69 31 85 71 28 88 90 29 35 23 8 71 20 28 40 44 21 64 72 69 56 18 36 48 17 4 27 71 87 56 11 78 87 59 79 20 51 55 27 24 16 55 20 54 37 9 72 54 41 37 19 47 87 67 47 69 32 
3 57 45 22 51 70 73 24 70 30 14 43 87 2 31 74 57 69 2 80 23 34 36 72 74 62 23 21 41 17 9 42 7 69 31 85 71 28 88 90 29 35 23 8 71 20 28 40 44 21 64 72 69 56 18 36 48 17 4 27 71 87 56 11 78 87 59 79 20 51 55 27 24 16 55 20 54 37 9 72 54 41 37 19 47 87 67 47 69 32 
3 57 45 22 51 70 73 24 70 30 14 43 87 2 31 74 57 69 2 80 23 34 36 72 74 62 23 21 41 17 9 42 7 69 31 85 71 28 88 90 29 35 23 8 71 20 28 40 44 21 64 72 69 56 18 36 48 17 4 27 71 87 56 11 78 87 59 79 20 51 55 27 24 16 55 20 54 37 9 72 54 41 37 19 47 87 67 47 69 32 
3 57 45 22 51 70 73 24 70 30 14 43 87 2 31 74 57 69 2 80 23 34 36 72 74 62 23 21 41 17 9 42 7 69 31 85 71 28 88 90 29 35 23 8 71 20 28 40 44 21 64 72 69 56 18 36 48 17 4 27 71 87 56 11 78 87 59 79 20 51 55 27 24 16 55 20 54 37 9 72 54 41 37 19 47 87 67 47 69 32 
3 57 45 22 51 70 73 24 70 30 14 43 87 2 31 74 57 69 2 80 23 34 36 72 74 62 23 21 41 17 9 42 7 69 31 85 71 28 88 90 29 35 23 8 71 20 28 40 44 21 64 72 69 56 18 36 48 17 4 27 71 87 56 11 78 87 59 79 20 51 55 27 24 16 55 20 54 37 9 72 54 41 37 19 47 87 67 47 69 32 
3 57 45 22 51 70 73 24 70 30 14 43 87 2 31 74 57 69 2 80 23 34 36 72 74 62 23 21 41 17 9 42 7 69 31 85 71 28 88 90 29 35 23 8 71 20 28 40 44 21 64 72 69 56 18 36 48 17 4 27 71 87 56 11 78 87 59 79 20 51 55 27 24 16 55 20 54 37 9 72 54 41 37 19 47 87 67 47 69 32 
3 57 45 22 51 70 73 24 70 30 14 43 87 2 31 74 57 69 2 80 23 34 36 72 74 62 23 21 41 17 9 42 7 69 31 85 71 28 88 90 29 35 23 8 71 20 28 40 44 21 64 72 69 56 18 36 48 17 4 27 71 87 56 11 78 87 59 79 20 51 55 27 24 16 55 20 54 37 9 72 54 41 37 19 47 87 67 47 69 32 
3 57 45 22 51 70 73 24 70 30 14 43 87 2 31 74 57 69 2 80 23 34 36 72 74 62 23 21 41 17 9 42 7 69 31 85 71 28 88 90 29 35 23 8 71 20 28 40 44 21 64 72 69 56 18 36 48 17 4 27 71 87 56 11 78 87 59 79 20 51 55 27 24 16 55 20 54 37 9 72 54 41 37 19 47 87 67 47 69 32 
3 57 45 22 51 70 73 24 70 30 14 43 87 2 31 74 57 69 2 80 23 34 36 72 74 62 23 21 41 17 9 42 7 69 31 85 71 28 88 90 29 35 23 8 71 20 28 40 44 21 64 72 69 56 18 36 48 17 4 27 71 87 56 11 78 87 59 79 20 51 55 27 24 16 55 20 54 37 9 72 54 41 37 19 47 87 67 47 69 32 
3 57 45 22 51 70 73 24 70 30 14 43 87 2 31 74 57 69 2 80 23 34 36 72 74 62 23 21 41 17 9 42 7 69 31 85 71 28 88 90 29 35 23 8 71 20 28 40 44 21 64 72 69 56 18 36 48 17 4 27 71 87 56 11 78 87 59 79 20 51 55 27 24 16 55 20 54 37 9 72 54 41 37 19 47 87 67 47 69 32 
3 57 45 22 51 70 73 24 70 30 14 43 87 2 31 74 57 69 2 80 23 34 36 72 74 62 23 21 41 17 9 42 7 69 31 85 71 28 88 90 29 35 23 8 71 20 28 40 44 21 64 72 69 56 18 36 48 17 4 27 71 87 56 11 78 87 59 79 20 51 55 27 24 16 55 20 54 37 9 72 54 41 37 19 47 87 67 47 69 32 
3 57 45 22 51 70 73 24 70 30 14 43 87 2 31 74 57 69 2 80 23 34 36 72 74 62 23 21 41 17 9 42 7 69 31 85 71 28 88 90 29 35 23 8 71 20 28 40 44 21 64 72 69 56 18 36 48 17 4 27 71 87 56 11 78 87 59 79 20 51 55 27 24 16 55 20 54 37 9 72 54 41 37 19 47 87 67 47 69 32 
3 57 45 22 51 70 73 24 70 30 14 43 87 2 31 74 57 69 2 80 23 34 36 72 74 62 23 21 41 17 9 42 7 69 31 85 71 28 88 90 29 35 23 8 71 20 28 40 44 21 64 72 69 56 18 36 48 17 4 27 71 87 56 11 78 87 59 79 20 51 55 27 24 16 55 20 54 37 9 72 54 41 37 19 47 87 67 47 69 32 
3 57 45 22 51 70 73 24 70 30 14 43 87 2 31 74 57 69 2 80 23 34 36 72 74 62 23 21 41 17 9 42 7 69 31 85 71 28 88 90 29 35 23 8 71 20 28 40 44 21 64 72 69 56 18 36 48 17 4 27 71 87 56 11 78 87 59 79 20 51 55 27 24 16 55 20 54 37 9 72 54 41 37 19 47 87 67 47 69 32 
3 57 45 22 51 70 73 24 70 30 14 43 87 2 31 74 57 69 2 80 23 34 36 72 74 62 23 21 41 17 9 42 7 69 31 85 71 28 88 90 29 35 23 8 71 20 28 40 44 21 64 72 69 56 18 36 48 17 4 27 71 87 56 11 78 87 59 79 20 51 55 27 24 16 55 20 54 37 9 72 54 41 37 19 47 87 67 47 69 32 
3 57 45 22 51 70 73 24 70 30 14 43 87 2 31 74 57 69 2 80 23 34 36 72 74 62 23 21 41 17 9 42 7 69 31 85 71 28 88 90 29 35 23 8 71 20 28 40 44 21 64 72 69 56 18 36 48 17 4 27 71 87 56 11 78 87 59 79 20 51 55 27 24 16 55 20 54 37 9 72 54 41 37 19 47 87 67 47 69 32 
3 57 45 22 51 70 73 24 70 30 14 43 87 2 31 74 57 69 2 80 23 34 36 72 74 62 23 21 41 17 9 42 7 69 31 85 71 28 88 90 29 35 23 8 71 20 28 40 44 21 64 72 69 56 18 36 48 17 4 27 71 87 56 11 78 87 59 79 20 51 55 27 24 16 55 20 54 37 9 72 54 41 37 19 47 87 67 47 69 32 
3 57 45 22 51 70 73 24 70 30 14 43 87 2 31 74 57 69 2 80 23 34 36 72 74 62 23 21 41 17 9 42 7 69 31 85 71 28 88 90 29 35 23 8 71 20 28 40 44 21 64 72 69 56 18 36 48 17 4 27 71 87 56 11 78 87 59 79 20 51 55 27 24 16 55 20 54 37 9 72 54 41 37 19 47 87 67 47 69 32 
3 57 45 22 51 70 73 24 70 30 14 43 87 2 31 74 57 69 2 80 23 34 36 72 74 62 23 21 41 17 9 42 7 69 31 85 71 28 88 90 29 35 23 8 71 20 28 40 44 21 64 72 69 56 18 36 48 17 4 27 71 87 56 11 78 87 59 79 20 51 55 27 24 16 55 20 54 37 9 72 54 41 37 19 47 87 67 47 69 32 
3 57 45 22 51 70 73 24 70 30 14 43 87 2 31 74 57 69 2 80 23 34 36 72 74 62 23 21 41 17 9 42 7 69 31 85 71 28 88 90 29 35 23 8 71 20 28 40 44 21 64 72 69 56 18 36 48 17 4 27 71 87 56 11 78 87 59 79 20 51 55 27 24 16 55 20 54 37 9 72 54 41 37 19 47 87 67 47 69 32 
3 57 45 22 51 70 73 24 70 30 14 43 87 2 31 74 57 69 2 80 23 34 36 72 74 62 23 21 41 17 9 42 7 69 31 85 71 28 88 90 29 35 23 8 71 20 28 40 44 21 64 72 69 56 18 36 48 17 4 27 71 87 56 11 78 87 59 79 20 51 55 27 24 16 55 20 54 37 9 72 54 41 37 19 47 87 67 47 69 32 
3 57 45 22 51 70 73 24 70 30 14 43 87 2 31 74 57 69 2 80 23 34 36 72 74 62 23 21 41 17 9 42 7 69 31 85 71 28 88 90 29 35 23 8 71 20 28 40 44 21 64 72 69 56 18 36 48 17 4 27 71 87 56 11 78 87 59 79 20 51 55 27 24 16 55 20 54 37 9 72 54 41 37 19 47 87 67 47 69 32 
3 57 45 22 51 70 73 24 70 30 14 43 87 2 31 74 57 69 2 80 23 34 36 72 74 62 23 21 41 17 9 42 7 69 31 85 71 28 88 90 29 35 23 8 71 20 28 40 44 21 64 72 69 56 18 36 48 17 4 27 71 87 56 11 78 87 59 79 20 51 55 27 24 16 55 20 54 37 9 72 54 41 37 19 47 87 67 47 69 32 
3 57 45 22 51 70 73 24 70 30 14 43 87 2 31 74 57 69 2 80 23 34 36 72 74 62 23 21 41 17 9 42 7 69 31 85 71 28 88 90 29 35 23 8 71 20 28 40 44 21 64 72 69 56 18 36 48 17 4 27 71 87 56 11 78 87 59 79 20 51 55 27 24 16 55 20 54 37 9 72 54 41 37 19 47 87 67 47 69 32 
3 57 45 22 51 70 73 24 70 30 14 43 87 2 31 74 57 69 2 80 23 34 36 72 74 62 23 21 41 17 9 42 7 69 31 85 71 28 88 90 29 35 23 8 71 20 28 40 44 21 64 72 69 56 18 36 48 17 4 27 71 87 56 11 78 87 59 79 20 51 55 27 24 16 55 20 54 37 9 72 54 41 37 19 47 87 67 47 69 32 
3 57 45 22 51 70 73 24 70 30 14 43 87 2 31 74 57 69 2 80 23 34 36 72 74 62 23 21 41 17 9 42 7 69 31 85 71 28 88 90 29 35 23 8 71 20 28 40 44 21 64 72 69 56 18 36 48 17 4 27 71 87 56 11 78 87 59 79 20 51 55 27 24 16 55 20 54 37 9 72 54 41 37 19 47 87 67 47 69 32 
3 57 45 22 51 70 73 24 70 30 14 43 87 2 31 74 57 69 2 80 23 34 36 72 74 62 23 21 41 17 9 42 7 69 31 85 71 28 88 90 29 35 23 8 71 20 28 40 44 21 64 72 69 56 18 36 48 17 4 27 71 87 56 11 78 87 59 79 20 51 55 27 24 16 55 20 54 37 9 72 54 41 37 19 47 87 67 47 69 32 
3 57 45 22 51 70 73 24 70 30 14 43 87 2 31 74 57 69 2 80 23 34 36 72 74 62 23 21 41 17 9 42 7 69 31 85 71 28 88 90 29 35 23 8 71 20 28 40 44 21 64 72 69 56 18 36 48 17 4 27 71 87 56 11 78 87 59 79 20 51 55 27 24 16 55 20 54 37 9 72 54 41 37 19 47 87 67 47 69 32 
3 57 45 22 51 70 73 24 70 30 14 43 87 2 31 74 57 69 2 80 23 34 36 72 74 62 23 21 41 17 9 42 7 69 31 85 71 28 88 90 29 35 23 8 71 20 28 40 44 21 64 72 69 56 18 36 48 17 4 27 71 87 56 11 78 87 59 79 20 51 55 27 24 16 55 20 54 37 9 72 54 41 37 19 47 87 67 47 69 32 
3 57 45 22 51 70 73 24 70 30 14 43 87 2 31 74 57 69 2 80 23 34 36 72 74 62 23 21 41 17 9 42 7 69 31 85 71 28 88 90 29 35 23 8 71 20 28 40 44 21 64 72 69 56 18 36 48 17 4 27 71 87 56 11 78 87 59 79 20 51 55 27 24 16 55 20 54 37 9 72 54 41 37 19 47 87 67 47 69 32 
3 57 45 22 51 70 73 24 70 30 14 43 87 2 31 74 57 69 2 80 23 34 36 72 74 62 23 21 41 17 9 42 7 69 31 85 71 28 88 90 29 35 23 8 71 20 28 40 44 21 64 72 69 56 18 36 48 17 4 27 71 87 56 11 78 87 59 79 20 51 55 27 24 16 55 20 54 37 9 72 54 41 37 19 47 87 67 47 69 32 
3 57 45 22 51 70 73 24 70 30 14 43 87 2 31 74 57 69 2 80 23 34 36 72 74 62 23 21 41 17 9 42 7 69 31 85 71 28 88 90 29 35 23 8 71 20 28 40 44 21 64 72 69 56 18 36 48 17 4 27 71 87 56 11 78 87 59 79 20 51 55 27 24 16 55 20 54 37 9 72 54 41 37 19 47 87 67 47 69 32 
3 57 45 22 51 70 73 24 70 30 14 43 87 2 31 74 57 69 2 80 23 34 36 72 74 62 23 21 41 17 9 42 7 69 31 85 71 28 88 90 29 35 23 8 71 20 28 40 44 21 64 72 69 56 18 36 48 17 4 27 71 87 56 11 78 87 59 79 20 51 55 27 24 16 55 20 54 37 9 72 54 41 37 19 47 87 67 47 69 32 
3 57 45 22 51 70 73 24 70 30 14 43 87 2 31 74 57 69 2 80 23 34 36 72 74 62 23 21 41 17 9 42 7 69 31 85 71 28 88 90 29 35 23 8 71 20 28 40 44 21 64 72 69 56 18 36 48 17 4 27 71 87 56 11 78 87 59 79 20 51 55 27 24 16 55 20 54 37 9 72 54 41 37 19 47 87 67 47 69 32 
3 57 45 22 51 70 73 24 70 30 14 43 87 2 31 74 57 69 2 80 23 34 36 72 74 62 23 21 41 17 9 42 7 69 31 85 71 28 88 90 29 35 23 8 71 20 28 40 44 21 64 72 69 56 18 36 48 17 4 27 71 87 56 11 78 87 59 79 20 51 55 27 24 16 55 20 54 37 9 72 54 41 37 19 47 87 67 47 69 32 
3 57 45 22 51 70 73 24 70 30 14 43 87 2 31 74 57 69 2 80 23 34 36 72 74 62 23 21 41 17 9 42 7 69 31 85 71 28 88 90 29 35 23 8 71 20 28 40 44 21 64 72 69 56 18 36 48 17 4 27 71 87 56 11 78 87 59 79 20 51 55 27 24 16 55 20 54 37 9 72 54 41 37 19 47 87 67 47 69 32 
3 57 45 22 51 70 73 24 70 30 14 43 87 2 31 74 57 69 2 80 23 34 36 72 74 62 23 21 41 17 9 42 7 69 31 85 71 28 88 90 29 35 23 8 71 20 28 40 44 21 64 72 69 56 18 36 48 17 4 27 71 87 56 11 78 87 59 79 20 51 55 27 24 16 55 20 54 37 9 72 54 41 37 19 47 87 67 47 69 32 
3 57 45 22 51 70 73 24 70 30 14 43 87 2 31 74 57 69 2 80 23 34 36 72 74 62 23 21 41 17 9 42 7 69 31 85 71 28 88 90 29 35 23 8 71 20 28 40 44 21 64 72 69 56 18 36 48 17 4 27 71 87 56 11 78 87 59 79 20 51 55 27 24 16 55 20 54 37 9 72 54 41 37 19 47 87 67 47 69 32 
3 57 45 22 51 70 73 24 70 30 14 43 87 2 31 74 57 69 2 80 23 34 36 72 74 62 23 21 41 17 9 42 7 69 31 85 71 28 88 90 29 35 23 8 71 20 28 40 44 21 64 72 69 56 18 36 48 17 4 27 71 87 56 11 78 87 59 79 20 51 55 27 24 16 55 20 54 37 9 72 54 41 37 19 47 87 67 47 69 32 
3 57 45 22 51 70 73 24 70 30 14 43 87 2 31 74 57 69 2 80 23 34 36 72 74 62 23 21 41 17 9 42 7 69 31 85 71 28 88 90 29 35 23 8 71 20 28 40 44 21 64 72 69 56 18 36 48 17 4 27 71 87 56 11 78 87 59 79 20 51 55 27 24 16 55 20 54 37 9 72 54 41 37 19 47 87 67 47 69 32 
3 57 45 22 51 70 73 24 70 30 14 43 87 2 31 74 57 69 2 80 23 34 36 72 74 62 23 21 41 17 9 42 7 69 31 85 71 28 88 90 29 35 23 8 71 20 28 40 44 21 64 72 69 56 18 36 48 17 4 27 71 87 56 11 78 87 59 79 20 51 55 27 24 16 55 20 54 37 9 72 54 41 37 19 47 87 67 47 69 32 
3 57 45 22 51 70 73 24 70 30 14 43 87 2 31 74 57 69 2 80 23 34 36 72 74 62 23 21 41 17 9 42 7 69 31 85 71 28 88 90 29 35 23 8 71 20 28 40 44 21 64 72 69 56 18 36 48 17 4 27 71 87 56 11 78 87 59 79 20 51 55 27 24 16 55 20 54 37 9 72 54 41 37 19 47 87 67 47 69 32 
3 57 45 22 51 70 73 24 70 30 14 43 87 2 31 74 57 69 2 80 23 34 36 72 74 62 23 21 41 17 9 42 7 69 31 85 71 28 88 90 29 35 23 8 71 20 28 40 44 21 64 72 69 56 18 36 48 17 4 27 71 87 56 11 78 87 59 79 20 51 55 27 24 16 55 20 54 37 9 72 54 41 37 19 47 87 67 47 69 32 
3 57 45 22 51 70 73 24 70 30 14 43 87 2 31 74 57 69 2 80 23 34 36 72 74 62 23 21 41 17 9 42 7 69 31 85 71 28 88 90 29 35 23 8 71 20 28 40 44 21 64 72 69 56 18 36 48 17 4 27 71 87 56 11 78 87 59 79 20 51 55 27 24 16 55 20 54 37 9 72 54 41 37 19 47 87 67 47 69 32 
3 57 45 22 51 70 73 24 70 30 14 43 87 2 31 74 57 69 2 80 23 34 36 72 74 62 23 21 41 17 9 42 7 69 31 85 71 28 88 90 29 35 23 8 71 20 28 40 44 21 64 72 69 56 18 36 48 17 4 27 71 87 56 11 78 87 59 79 20 51 55 27 24 16 55 20 54 37 9 72 54 41 37 19 47 87 67 47 69 32 
3 57 45 22 51 70 73 24 70 30 14 43 87 2 31 74 57 69 2 80 23 34 36 72 74 62 23 21 41 17 9 42 7 69 31 85 71 28 88 90 29 35 23 8 71 20 28 40 44 21 64 72 69 56 18 36 48 17 4 27 71 87 56 11 78 87 59 79 20 51 55 27 24 16 55 20 54 37 9 72 54 41 37 19 47 87 67 47 69 32 
3 57 45 22 51 70 73 24 70 30 14 43 87 2 31 74 57 69 2 80 23 34 36 72 74 62 23 21 41 17 9 42 7 69 31 85 71 28 88 90 29 35 23 8 71 20 28 40 44 21 64 72 69 56 18 36 48 17 4 27 71 87 56 11 78 87 59 79 20 51 55 27 24 16 55 20 54 37 9 72 54 41 37 19 47 87 67 47 69 32 
3 57 45 22 51 70 73 24 70 30 14 43 87 2 31 74 57 69 2 80 23 34 36 72 74 62 23 21 41 17 9 42 7 69 31 85 71 28 88 90 29 35 23 8 71 20 28 40 44 21 64 72 69 56 18 36 48 17 4 27 71 87 56 11 78 87 59 79 20 51 55 27 24 16 55 20 54 37 9 72 54 41 37 19 47 87 67 47 69 32 
3 57 45 22 51 70 73 24 70 30 14 43 87 2 31 74 57 69 2 80 23 34 36 72 74 62 23 21 41 17 9 42 7 69 31 85 71 28 88 90 29 35 23 8 71 20 28 40 44 21 64 72 69 56 18 36 48 17 4 27 71 87 56 11 78 87 59 79 20 51 55 27 24 16 55 20 54 37 9 72 54 41 37 19 47 87 67 47 69 32 
3 57 45 22 51 70 73 24 70 30 14 43 87 2 31 74 57 69 2 80 23 34 36 72 74 62 23 21 41 17 9 42 7 69 31 85 71 28 88 90 29 35 23 8 71 20 28 40 44 21 64 72 69 56 18 36 48 17 4 27 71 87 56 11 78 87 59 79 20 51 55 27 24 16 55 20 54 37 9 72 54 41 37 19 47 87 67 47 69 32 
3 57 45 22 51 70 73 24 70 30 14 43 87 2 31 74 57 69 2 80 23 34 36 72 74 62 23 21 41 17 9 42 7 69 31 85 71 28 88 90 29 35 23 8 71 20 28 40 44 21 64 72 69 56 18 36 48 17 4 27 71 87 56 11 78 87 59 79 20 51 55 27 24 16 55 20 54 37 9 72 54 41 37 19 47 87 67 47 69 32 
3 57 45 22 51 70 73 24 70 30 14 43 87 2 31 74 57 69 2 80 23 34 36 72 74 62 23 21 41 17 9 42 7 69 31 85 71 28 88 90 29 35 23 8 71 20 28 40 44 21 64 72 69 56 18 36 48 17 4 27 71 87 56 11 78 87 59 79 20 51 55 27 24 16 55 20 54 37 9 72 54 41 37 19 47 87 67 47 69 32 
3 57 45 22 51 70 73 24 70 30 14 43 87 2 31 74 57 69 2 80 23 34 36 72 74 62 23 21 41 17 9 42 7 69 31 85 71 28 88 90 29 35 23 8 71 20 28 40 44 21 64 72 69 56 18 36 48 17 4 27 71 87 56 11 78 87 59 79 20 51 55 27 24 16 55 20 54 37 9 72 54 41 37 19 47 87 67 47 69 32 
3 57 45 22 51 70 73 24 70 30 14 43 87 2 31 74 57 69 2 80 23 34 36 72 74 62 23 21 41 17 9 42 7 69 31 85 71 28 88 90 29 35 23 8 71 20 28 40 44 21 64 72 69 56 18 36 48 17 4 27 71 87 56 11 78 87 59 79 20 51 55 27 24 16 55 20 54 37 9 72 54 41 37 19 47 87 67 47 69 32 
3 57 45 22 51 70 73 24 70 30 14 43 87 2 31 74 57 69 2 80 23 34 36 72 74 62 23 21 41 17 9 42 7 69 31 85 71 28 88 90 29 35 23 8 71 20 28 40 44 21 64 72 69 56 18 36 48 17 4 27 71 87 56 11 78 87 59 79 20 51 55 27 24 16 55 20 54 37 9 72 54 41 37 19 47 87 67 47 69 32 
3 57 45 22 51 70 73 24 70 30 14 43 87 2 31 74 57 69 2 80 23 34 36 72 74 62 23 21 41 17 9 42 7 69 31 85 71 28 88 90 29 35 23 8 71 20 28 40 44 21 64 72 69 56 18 36 48 17 4 27 71 87 56 11 78 87 59 79 20 51 55 27 24 16 55 20 54 37 9 72 54 41 37 19 47 87 67 47 69 32 
3 57 45 22 51 70 73 24 70 30 14 43 87 2 31 74 57 69 2 80 23 34 36 72 74 62 23 21 41 17 9 42 7 69 31 85 71 28 88 90 29 35 23 8 71 20 28 40 44 21 64 72 69 56 18 36 48 17 4 27 71 87 56 11 78 87 59 79 20 51 55 27 24 16 55 20 54 37 9 72 54 41 37 19 47 87 67 47 69 32 
3 57 45 22 51 70 73 24 70 30 14 43 87 2 31 74 57 69 2 80 23 34 36 72 74 62 23 21 41 17 9 42 7 69 31 85 71 28 88 90 29 35 23 8 71 20 28 40 44 21 64 72 69 56 18 36 48 17 4 27 71 87 56 11 78 87 59 79 20 51 55 27 24 16 55 20 54 37 9 72 54 41 37 19 47 87 67 47 69 32 
